0000
0000
0000
0000
0000
0000
0000
0000
0000
0000
0000
0000
0000
0000
0000
0000
0000
0000
0000
0000
0000
0000
0000
0000
0000
0000
0000
0000
0000
0000
0000
0000
0000
0000
0000
0000
0000
0000
0000
0000
0000
0000
0000
0000
0000
0000
0000
0000
0000
3c3d
3aa2
0000
0000
0000
0000
0000
3f7a
2a80
0000
0000
baf5
0000
0000
39ad
3a66
2fc0
2d20
be33
0000
0000
0000
2c7a
32b8
3828
bdae
0000
0000
0000
0000
0000
3d47
bb1e
0000
0000
0000
0000
0000
3f47
b547
0000
0000
0000
0000
0000
3dae
b170
0000
0000
0000
0000
0000
2780
0000
0000
0000
0000
0000
0000
3a2a
0000
0000
0000
0000
0000
291e
3e29
0000
0000
0000
0000
0000
37d7
bed7
0000
0000
0000
0000
0000
3d14
bca3
0000
0000
0000
0000
0000
3f33
b933
0000
0000
0000
0000
0000
3c33
b07a
0000
0000
0000
0000
0000
30d0
0000
0000
0000
0000
0000
2fae
3db9
0000
0000
0000
0000
0000
3828
3f34
0000
0000
0000
0000
0000
3cc2
3f34
0000
0000
0000
0000
0000
3de1
3ecd
0000
0000
0000
0000
0000
3de1
bb09
0000
0000
0000
0000
0000
0000
0000
0000
0000
0000
0000
0000
0000
0000
0000
0000
0000
0000
0000
0000
0000
0000
0000
0000
0000
0000
0000
0000
0000
0000
0000
0000
0000
0000
0000
0000
0000
0000
0000
0000
0000
0000
0000
0000
0000
0000
0000
0000
0000
0000
0000
0000
0000
0000
0000
0000
